- position_x: 3778.5322265625
  position_y: 73722.09375
  position_z: 0
  orientation_x: 0
  orientation_y: 0
  orientation_z: -0.5239291873297661
  orientation_w: 0.8517618250802104
  name: "BUS_STOP1"
- position_x: 3740.73193359375
  position_y: 73679.5390625
  position_z: 0
  orientation_x: 0
  orientation_y: 0
  orientation_z: -0.9618555692791376
  orientation_w: 0.2735577888613411
  name: "BUS_STOP2"
- position_x: 3673.847900390625
  position_y: 73644.625
  position_z: 0
  orientation_x: 0
  orientation_y: 0
  orientation_z: -0.9752460355504976
  orientation_w: 0.22112252292120227
  name: "BUS_STOP3"
